00000110010000000000000001101111
00000100101111111101111001100011
00000000000000000000001010110011
00000000000000000000000000000000
00000000000000000000000000000000
00000100101100101101001001100011
00000000001000101001111010010011
00000000000000000000000000000000
00000000000000000000000000000000
00000001110101010000111100110011
00000000000000000000000000000000
00000000000000000000000000000000
00000000000011110010001110000011
00000000010011110010111000000011
00000000000000000000000000000000
00000000000000000000000000000000
00000000011111100100010001100011
00000000110000000000000001101111
00000001110011110010000000100011
00000000011111110010001000100011
00000000000100101000001010010011
11111100000111111111000001101111
00000000000111111000111110010011
11111010100111111111000001101111
00000000000000001000000011100111
00001111110000010000010100010111
11111001110001010000010100010011
00000000011100000000010110010011
11111001010111111111000011101111
00000000101000000000100010010011
00000000000000000000000001110011